0.15312329500222638
0.007949294139360708
0.007191309457524649
0.005505025961376246
0.002425311254374983
0.0008345085248771695
0.0007873950620001603
0.0008583915581355893
0.0006571228877874091
0.0006006006034083605
0.0006347562199563629
0.0006945736259372244
0.0006984882601236384
0.0005799208715137454
0.0006288938382039628
0.0005718343107277647
0.0005608411780896506
0.0005167507699825951
0.0005913601827717596
0.0005660367807591214
0.0005209354637754
0.000549067139452804
0.00048162702343336515
0.0004647549973132329
0.0005831740751502014
0.0004955298875668837
0.0004223904984575065
0.00041802429580955856
0.0004158841160636756
0.00041240391475448927
0.00038594454329746267
0.0003924284486152652
0.00041307339861598464
0.0004414238163360184
0.00037058955433988763
0.0003521007550467226
0.00035657625595640933
0.0003649650565010586
0.0003690293857700101
0.0003232796847324578
0.0003483858003634058
0.0003516631296670605
0.00033525218473627204
0.0003150425583308172
0.0003078467876372498
0.00033073955531900506
0.00030578366216016753
0.000303931545086896
0.0003185986375507538
0.0003370337508386001
0.0002957192977661297
0.0003133988758500275
0.0003046876137828334
0.00029156698620945757
0.0002856427597561701
0.00028515441250243794
0.00029935367614774395
0.00028939848984479
0.0002992536591914212
0.0002931540220743045
0.00030692652005875003
0.0002811907346063714
0.00028766308945881564
0.0002817324629793274
0.0002840193140605885
0.0002772700224135582
0.0002687671921223462
0.0002846420456696632
0.00027087950941002476
0.00027589346474644937
0.0002776046354894436
0.0002775598794312006
0.0002691399152559649
0.0002959270953602578
0.00027328615537807046
0.00026562437368181325
0.0002672157793459783
0.00026028426955529156
0.00027011249673500234
0.000261154068509988
0.0002617455914244807
0.0002592051812004478
0.0002584807586953825
0.00026096454976434486
0.00026758438898175356
0.0002585050080538607
0.00025487138613713
0.0002509594738629887
0.00025563289466757147
0.0002629635721771798
0.00025820607885590664
0.00025360674654591767
0.0002536702055705621
0.0002573531972067881
0.0002495286347355784
0.0002551334844376411
0.00025164055184558813
0.000248668139853004
0.00024695763638573546
0.0002483598824079719
0.0002466490965866063
0.0002495728913345374
0.000249160964167752
0.00025025113474487536
0.00025913900683536347
0.0002470444366824062
0.0002520909399590305
0.0002516227393625154
0.00024508717803156844
0.00024993292285099383
0.0002428937469601571
0.0002436224024295957
0.0002439755177962774
0.00024504848002951835
0.00024635592736529124
0.00024190785282576877
0.0002460870441169508
0.0002433679197096236
0.0002435730099433943
0.00024375062076292272
0.0002423287355228357
0.00024382390890217897
0.00024212039692605276
0.0002445633525043846
0.0002438807331923125
0.000242018848967423
0.00024420413307868125
0.0002417076217581428
0.00024246161563261864
0.00024345926701038655
0.0002395458934423063
0.00024180843390622027
0.00024213331315906778
0.0002406960578105833
0.00024115793067105716
0.00024121784207959388
0.0002418836858499074
0.00024079035046593015
0.00023910773550948848
0.00024296712499269615
0.00024117357656171907
0.0002412435665798013
0.00024124068882121072
0.00024126824709744523
0.0002401905813096692
0.0002387972757963824
0.0002427551230686086
0.00024048035101582025
0.00023917912016434956
0.00023912883742952779
0.00023925635914859032
0.0002403360457749166
0.0002397961068181171
0.00024082397454373177
0.0002410370986082501
0.00024093386943399486
0.00023842246399351184
0.00023992800443891377
0.00024028098367477556
0.0002390728524563113
0.0002384670747673109
0.00023878200731668322
0.00023938222312285836
0.0002399314539469478
0.00023895477140960735
0.0002395446640401778
0.00024022999611089847
0.00023849142692802894
0.00023978932093145447
0.00023901974031281087
0.000240282206974488
0.00023975245694013973
