0.3432696994409085
0.0071722645643016985
0.004845315027200888
0.002197105589608151
0.0019047123552750676
0.001592210742772647
0.0013425338876268437
0.00118455134760288
0.0011076395739726122
0.0012684586456030488
0.0010010057923218777
0.0011949329017361084
0.0011794638722353885
0.0010681452976930286
0.0009727471211414424
0.0008847755868168127
0.0010119897872960615
0.0010225375515273622
0.0012648437893198383
0.0010635615819351628
0.0008947191836928288
0.0011457852491613238
0.0009850282053042564
0.000799542676935333
0.0007008063745865177
0.0008985558829848624
0.0007474649089178251
0.0007658759493478424
0.0009685571736378235
0.0007649940723035064
0.000795244043993373
0.000756902013710069
0.0008630154803658145
0.0007890696926493078
0.0006915799453817008
0.0007243806030601263
0.0007829154426637556
0.0006773644821688292
0.0007081432000456018
0.0007626153500525341
0.0007013923464147674
0.0006202093467319144
0.0007148666012536494
0.000612970253343754
0.0006146518299506317
0.0006871380530590672
0.0006142049396951352
0.0006632246907928118
0.0005390141248485193
0.000550635919939997
0.0006431414170243267
0.000586370213216381
0.0006114408123164228
0.0006160464165018752
0.0006166300750450201
0.0005283426172325328
0.0005834921518520962
0.0006797261054499916
0.0006241505822887825
0.0005069292284690985
0.00048158865754357387
0.0005311172473387071
0.0005265490749039718
0.0005653921093213402
0.0004961579562082226
0.00044447745970119874
0.00047878241363627413
0.00044708920130130626
0.0004266495051260497
0.00045501327587126365
0.00043817976679307437
0.00042379904592845346
0.00041914396523122467
0.00044618684736516084
0.0004053156153531745
0.0004206820895271977
0.0004406583912280058
0.0003777368035497925
0.0004582110315471167
0.0004836032373620377
0.0003612723488796262
0.0003683232191120154
0.00038400470117677844
0.0003329735676919471
0.00034382009189651015
0.00036238292288485796
0.00036861024554743764
0.00034578164218879875
0.0003426144866088796
0.00036973790443998073
0.00034973034006167926
0.00032215822589463526
0.0003106830934543283
0.0003077093417467099
0.0003334193566960523
0.00031693712920851763
0.00034690704506506483
0.0003303414940150575
0.0003513109167538313
0.0003095218764370187
0.00029717229382743337
0.000311867242177663
0.00029642314949606156
0.0002850888842893314
0.0002795484667125669
0.00028625847264793854
0.00032246515958479815
0.0003059500975782172
0.0002777860084484752
0.00027694426464750584
0.00027494983359863383
0.00027841185933099157
0.000268996162283715
0.0002751731350848962
0.0002814211895325101
0.0002743365886647465
0.00026488758345705367
0.00027047538089626017
0.0002685395487670546
0.0002621135100789909
0.0002663292625877676
0.00025653546453536217
0.0002627042047078571
0.00025720321296361247
0.00025875694536220943
0.0002502696961821658
0.00025495161342757545
0.0002612299541661125
0.0002515772449119287
0.0002480462050786422
0.00024475994136845394
0.00024819692184645383
0.00024482697992953624
0.0002474570503709988
0.0002467085158118167
0.00024647541009002337
0.0002443540013759517
0.00024244732917248904
0.00024466925336333415
0.0002435529801709157
0.00024132616911834526
0.0002387029650684957
0.00023959012492747616
0.00023780751789379264
0.0002427375462326792
0.00024185991928642316
0.0002356229050483014
0.00023979696256461584
0.00024153404909509023
0.0002351819827210068
0.0002312085395509888
0.00023426105866336354
0.00023664104646154408
0.00023267458727200245
0.00023420123550515142
0.00023389338668728727
0.00023179803129976556
0.00023376609404353546
0.00023098683807127658
0.00023057752860627408
0.00023069647314485103
0.00023126740768108698
0.00023023092263986568
0.00023017131729096535
0.000230366719000402
0.00023186343488275945
0.00022866606342441013
0.00023128006197962789
0.0002282621243202518
0.00023054535150520444
0.00022707235245522292
0.00023530478304770264
0.00022763718128947902
0.00022814392028639333
0.00022603896251248738
0.00023034473363828335
0.00022826518867194892
0.00022799880788361112
0.0002275290063417126
0.00022714182822739765
0.00022890444867493164
0.00022505200726182891
0.0002282081561955443
0.00022718098132886114
0.00022690014626395197
0.0002303306682733819
0.00022573635332293868
0.0002247572760567099
0.00022434912323425975
0.00022472009872980117
0.00022496727122474583
0.00022496392803957627
0.0002259558621576176
0.00022583966323685262
0.0002235338965434611
0.00022757961109633589
0.00022517774402419286
0.00022506390978965248
0.00022707498142300473
0.00022625705722959771
0.00022234822456319365
0.00022382147595166198
0.00022565580236973362
0.00022398377956462002
0.00022574351239581443
0.0002268435545697538
0.00022634124264098523
0.0002264952725513027
0.00022645275748800486
0.000223215370140444
0.00022755684063491982
0.00022435366671772733
0.0002235927397944784
0.00022623843852347965
0.00022429521331721316
0.00022302894438091186
