0.08591462372832241
0.007533548948084635
0.005117349302200901
0.0011103667756317244
0.0011608761222657536
0.0008805788961434437
0.0007886474279897107
0.0008203010947909206
0.0007870389832063548
0.0008110722232114283
0.002311155314542233
0.0009772825212548337
0.0008437954576595896
0.0007087048631341707
0.0008305374611799996
0.0006970101732745647
0.0006415275899100027
0.0006881789520247689
0.0006607542680050697
0.0005575074915653996
0.0005733091600104085
0.0007052713551656193
0.0006716251392067681
0.0005404694567269255
0.000572928654183934
0.0005601256411717904
0.0006015392920685812
0.0005215075047266098
0.0004890794530623562
0.0004966183018217223
0.0004815430053690028
0.00046665658667353134
0.0004849416108035873
0.0005280826242655635
0.00045302056147897193
0.0004705643612748733
0.0004728046384820294
0.0004453325490166824
0.00045449091609747657
0.0004517227493887467
0.0004372404871373287
0.0003946600937201912
0.00043633824633058883
0.0004189336285625975
0.0003877578982933154
0.0003840828318178894
0.0003915769677053416
0.000389119298732464
0.0003846653485051056
0.0003565402608552587
0.0003632710020962892
0.00036218796899887705
0.0003466496317771323
0.0003883033547730696
0.00036903244214162473
0.0003512333315748331
0.00035291123593549035
0.00034809942313116947
0.00034493812164592167
0.0003311192499935597
0.0003305095869431933
0.00033665208696132345
0.0003540275203939077
0.0003227488334467184
0.0003340277253300883
0.0003194898221878365
0.0003312341500385364
0.00032111788365704516
0.00031315665687396823
0.0003163375546254458
0.0003200082325248889
0.00032288440354844375
0.0003135557116981926
0.00031613766482370273
0.0003181599071643676
0.0003133218394190584
0.000320655332489555
0.0003134475498940916
0.0003082198938148307
0.0003033202005861958
0.00029872285742913525
0.0002990958664374756
0.0003005004837177694
0.0002948848738132285
0.0002965995942847052
0.0002948247464730464
0.0003022850334321359
0.0002942694437449738
0.0002933254182871972
0.00029539241034898066
0.0002889689933527411
0.0002874688089509765
0.00029231049284721996
0.0002891545347313607
0.00028897854410329715
0.00028733836910349407
0.00028818262334454867
0.00028662943218331485
0.00028625249650494585
0.0003585883842465738
0.0002829409915589607
0.0002846188968584512
0.00028682425862268336
0.0002874797212444396
0.0002805040682189076
0.00028337459708939515
0.00028112578354099946
0.00028107533017323623
0.0002789286691920772
0.0002781662957615129
0.000277225237486193
0.00027802579185640016
0.00027843909347504976
0.0002779880737615449
0.00027994887815082384
0.00028248363636404033
0.0002796082917484455
0.0002806332042617273
0.00027890732575718675
0.0002780060822260566
0.0002770415437313908
0.00027952574084572974
0.0002768802843357046
0.0002779678336904204
0.0002801060226404168
0.00027634302222718214
0.0002744711842575681
0.0002742773325618116
0.00027576699898007416
0.0002737986773530382
0.0002740614783702298
0.00027696257142627973
0.0002738439875576014
0.00027426845237289764
0.0002731044195599914
0.0002721646934890399
0.0002777206529806849
0.000272599597425846
0.0002717697718781569
0.0002735597097911992
0.0002764704265920896
0.00027195003138096523
0.0002744281741944442
0.0002744639777736137
0.0002725773599870022
0.00027201481486460375
0.0002722713947033269
0.00027133903683035544
0.00027395484076189476
0.00027466640547631427
0.0002726856206033018
0.0002749974972234228
0.0002695631128810947
0.0002719277340915024
0.0002724832567412617
0.0002731051971486229
0.00027206896136762693
0.00027278106849295115
0.00027250373527602925
0.0002724505367598707
0.00027395640720515664
0.0002709953757491143
0.0002721703403362734
0.00027199556620138127
0.00027152255032917547
0.0002709987722130703
0.00027107585394274325
0.0002715021156848619
